-3.850047886371612549e-01 3.133939206600189209e-01 -2.118391357362270355e-02 -4.828595817089080811e-01 -5.301900506019592285e-01 1.656797081232070923e-01 -5.268960446119308472e-02 4.542380273342132568e-01 5.209656953811645508e-01 2.728274464607238770e-01
2.365626692771911621e-01 2.987773120403289795e-01 4.187296330928802490e-01 3.177758753299713135e-01 -2.957513630390167236e-01 4.942969381809234619e-01 1.976597160100936890e-01 5.132704377174377441e-01 2.758315205574035645e-01 -3.710825443267822266e-01
3.771054446697235107e-01 2.652057409286499023e-01 5.751064419746398926e-01 -6.894878745079040527e-01 -3.067476153373718262e-01 -5.015380978584289551e-01 -3.655482232570648193e-01 -4.749664068222045898e-01 8.341842144727706909e-02 2.039283961057662964e-01
-1.079511940479278564e-01 3.037637770175933838e-01 2.660756930708885193e-02 -2.232128828763961792e-01 -3.029522299766540527e-01 7.027928829193115234e-01 2.934267818927764893e-01 -4.226610362529754639e-01 1.503920406103134155e-01 2.908700108528137207e-01
9.120327234268188477e-02 4.355646073818206787e-01 3.073827326297760010e-01 2.437294274568557739e-01 -3.265627622604370117e-01 6.191012859344482422e-01 -3.765396773815155029e-01 4.179562628269195557e-01 1.705994457006454468e-01 4.148401618003845215e-01
-4.753074347972869873e-01 3.820377290248870850e-01 4.134996235370635986e-01 2.113622426986694336e-01 -4.280684888362884521e-01 -7.493031024932861328e-02 2.208472341299057007e-01 2.110596001148223877e-01 -2.270985394716262817e-03 3.698585033416748047e-01
5.242915153503417969e-01 -1.756307035684585571e-01 2.248931378126144409e-01 -1.748384535312652588e-01 -5.014022588729858398e-01 -2.387833744287490845e-01 4.365033507347106934e-01 4.520827829837799072e-01 3.143696188926696777e-01 -1.372876465320587158e-01
-3.964166641235351562e-01 3.339733481407165527e-01 -1.787278354167938232e-01 2.845882177352905273e-01 3.875913023948669434e-01 1.091837882995605469e-01 4.584035873413085938e-01 -1.265501081943511963e-01 1.915964633226394653e-01 4.370330870151519775e-01
4.670901000499725342e-01 2.628466188907623291e-01 2.056108117103576660e-01 -2.221748381853103638e-01 -5.392291545867919922e-01 -7.353484630584716797e-02 2.054594643414020538e-02 -9.386769682168960571e-02 -6.549689173698425293e-01 5.304479598999023438e-01
5.562955141067504883e-01 -4.492261707782745361e-01 -5.265104174613952637e-01 -5.009568333625793457e-01 -4.981864094734191895e-01 -1.341903060674667358e-01 -2.186681032180786133e-01 -4.604421555995941162e-02 8.534422516822814941e-02 5.635846853256225586e-01
