4.122776389122009277e-01 -9.857710450887680054e-02 5.059113502502441406e-01 -8.418097160756587982e-03 -9.928375482559204102e-02 -3.573006391525268555e-01 -2.501201629638671875e-01 1.828693002462387085e-01 4.376586377620697021e-01 4.132975637912750244e-01
1.719048917293548584e-01 4.918870329856872559e-01 -3.641341626644134521e-02 -3.975362777709960938e-01 1.507009118795394897e-01 -9.735145419836044312e-02 2.663389146327972412e-01 3.457520604133605957e-01 3.051814734935760498e-01 3.884707689285278320e-01
9.619071334600448608e-02 6.656363010406494141e-01 3.528922796249389648e-01 -3.974415063858032227e-01 1.781903654336929321e-01 -4.845777153968811035e-01 1.389986574649810791e-01 -2.727045714855194092e-01 -1.867222487926483154e-01 5.849435552954673767e-02
-5.225905776023864746e-01 1.017747998237609863e+00 -6.267601847648620605e-01 -2.235158681869506836e-01 -4.680445194244384766e-01 2.815511822700500488e-01 -9.222042560577392578e-02 -5.938905477523803711e-01 5.484887361526489258e-01 1.175926685333251953e+00
-3.422410786151885986e-01 1.074872612953186035e-01 2.543877363204956055e-01 -2.758759260177612305e-02 2.409750223159790039e-02 -1.922962367534637451e-01 3.898337483406066895e-01 5.299170017242431641e-01 -7.085075974464416504e-02 -4.882758855819702148e-01
1.206383556127548218e-01 -1.634176373481750488e-01 -6.341192722320556641e-01 2.355642169713973999e-01 6.817411780357360840e-01 -1.821679994463920593e-02 1.931804418563842773e-01 -3.122950196266174316e-01 5.710127949714660645e-01 1.092048063874244690e-01
-1.826911866664886475e-01 6.485748291015625000e-01 -3.358941972255706787e-01 1.983140259981155396e-01 -1.971287280321121216e-01 6.184794306755065918e-01 -6.654650568962097168e-01 2.580706179141998291e-01 4.452734291553497314e-01 -3.257174193859100342e-01
-4.683074057102203369e-01 -1.391711831092834473e-01 4.022215604782104492e-01 1.290151774883270264e-01 -1.629440039396286011e-01 -7.951565086841583252e-02 -3.604224324226379395e-01 1.432559639215469360e-01 4.576900899410247803e-01 -1.992597281932830811e-01
1.366616487503051758e-01 -1.055067703127861023e-01 2.879533469676971436e-01 -1.643906235694885254e-01 -1.123331040143966675e-01 1.943371593952178955e-01 5.801587700843811035e-01 -3.923963904380798340e-01 1.548442691564559937e-01 -5.821055769920349121e-01
1.179439015686511993e-02 -2.415073662996292114e-01 5.470231175422668457e-01 -1.739731132984161377e-01 9.573221206665039062e-02 4.505709111690521240e-01 3.972522020339965820e-01 5.866051912307739258e-01 -5.256528854370117188e-01 4.034978151321411133e-01
