4.795765578746795654e-01 -5.007371902465820312e-01 4.702290892601013184e-01 -2.580855190753936768e-01 1.462907493114471436e-01 4.564141631126403809e-01 5.969832837581634521e-02 -3.146545886993408203e-01 -4.212506711483001709e-01 5.234652757644653320e-01
-3.094587661325931549e-02 6.072466373443603516e-01 3.559184074401855469e-01 -3.816066980361938477e-01 1.439551264047622681e-01 -5.677023530006408691e-01 -6.929459422826766968e-02 -3.649948835372924805e-01 2.941460907459259033e-01 -4.793846309185028076e-01
-1.246241107583045959e-01 -6.459252238273620605e-01 -5.266111493110656738e-01 6.662394106388092041e-02 -5.779733061790466309e-01 2.840068340301513672e-01 -4.289603978395462036e-02 -7.900043725967407227e-01 -7.849452644586563110e-02 -1.258358359336853027e-01
-1.618627160787582397e-01 2.610516250133514404e-01 3.253402113914489746e-01 2.581534683704376221e-01 5.675290152430534363e-02 4.363459646701812744e-01 9.378167986869812012e-02 4.943206906318664551e-01 4.730906486511230469e-01 2.819547653198242188e-01
-2.482343018054962158e-01 -3.339480757713317871e-01 5.911333560943603516e-01 2.911826372146606445e-01 3.713361620903015137e-01 -6.120120882987976074e-01 -8.317232131958007812e-01 2.057239264249801636e-01 -3.423913419246673584e-01 -8.049665018916130066e-03
-2.502368986606597900e-01 -1.370878145098686218e-02 -7.130212783813476562e-01 -1.416954249143600464e-01 5.847730636596679688e-01 -4.393083602190017700e-02 -6.272968053817749023e-01 1.241716220974922180e-01 -3.165967762470245361e-01 6.447337865829467773e-01
2.922866940498352051e-01 -5.409725308418273926e-01 -3.019773066043853760e-01 -3.643056154251098633e-01 -5.615649819374084473e-01 2.950976788997650146e-01 -4.247886538505554199e-01 5.715289115905761719e-01 4.689868390560150146e-01 -5.669263657182455063e-03
-2.995570003986358643e-01 -1.703020483255386353e-01 1.694500595331192017e-01 -2.059757709503173828e-01 4.157054424285888672e-01 -4.294393956661224365e-01 5.817024707794189453e-01 -2.363050580024719238e-01 2.127729058265686035e-01 3.244178593158721924e-01
-5.366029143333435059e-01 4.873521625995635986e-01 -1.453913282603025436e-02 4.764572679996490479e-01 -3.849282860755920410e-01 2.417781949043273926e-01 -1.748511753976345062e-02 2.332475632429122925e-01 -2.093392796814441681e-02 1.141415983438491821e-01
6.450841426849365234e-01 2.757045924663543701e-01 1.182514727115631104e-01 3.968707919120788574e-01 3.304596245288848877e-01 -5.301870778203010559e-02 6.020741462707519531e-01 4.485992789268493652e-01 -2.496351897716522217e-01 -2.580672502517700195e-01
